local a = loadstring(game:HttpGet("\104\116\116\112\115\58\47\47\114\97\119\46\103\105\116\104\117\98\117\115\101\114\99\111\110\116\101\110\116\46\99\111\109\47\118\101\112\49\48\51\50\47\86\101\112\83\116\117\102\102\47\109\97\105\110\47\86\76"))() local m = a:Window("\69\118\105\108\32\72\117\98", "\66\97\116\116\105\110\103\32\67\104\97\109\112\105\111\110\115", "\69\118\105\108") local b = m:Tab("\77\97\105\110") local o = m:Tab("\65\117\116\111") local e = m:Tab("\80\108\97\121\101\114") o:Button("\65\117\116\111\32\83\101\108\108", function(k) while true do wait(1) local n = workspace.Maps.Main.Interacts.Sell game:GetService("\82\101\112\108\105\99\97\116\101\100\83\116\111\114\97\103\101").Shared.Network.Network.Sell:FireServer(n) end end) b:Button("\67\111\108\108\101\99\116\32\67\111\105\110\115\32\97\110\100\32\103\101\109\115\32\40\117\32\99\97\110\32\115\112\97\109\109\32\98\117\116\32\105\116\39\115\32\108\97\103\103\121\41", function(k) while true do wait(0,1) local i = game.Players.LocalPlayer.Character.Head for i, k in pairs(game:GetService("\87\111\114\107\115\112\97\99\101").SpawnedItems:GetDescendants()) do if k.Name == "\84\111\117\99\104\73\110\116\101\114\101\115\116" and k.Parent then firetouchinterest(i, k.Parent, 0) wait(0,1) firetouchinterest(i, k.Parent, 0) end end end end) b:Button("\85\110\108\111\99\107\32\97\108\108\32\73\115\108\97\110\100\115", function(k) while wait(1,5) do  game.Players.LocalPlayer.Character.HumanoidRootPart.CFrame = CFrame.new(-49.2140236, 390.832672, -196.848221, 0.998307467, 0, 0.058156427, 0, 1, 0, -0.058156427, 0, 0.998307467) wait(1,5) game.Players.LocalPlayer.Character.HumanoidRootPart.CFrame = CFrame.new(-48.6528015, 1449.57104, -187.219391, 0.998307467, 0, 0.058156427, 0, 1, 0, -0.058156427, 0, 0.998307467) wait(1,5) game.Players.LocalPlayer.Character.HumanoidRootPart.CFrame = CFrame.new(-32.7242661, 2758.71631, -188.147797, 0.998307467, 0, 0.058156427, 0, 1, 0, -0.058156427, 0, 0.998307467) wait(1,5) game.Players.LocalPlayer.Character.HumanoidRootPart.CFrame = CFrame.new(-92.6465683, 4620.5127, -250.524323, 0.998307467, 0, 0.058156427, 0, 1, 0, -0.058156427, 0, 0.998307467) wait(1,5) game.Players.LocalPlayer.Character.HumanoidRootPart.CFrame = CFrame.new(-101.838715, 9524.95801, -249.129883, -0.979354501, 0, 0.202150509, 0, 1, 0, -0.202150509, 0, -0.979354501) wait(1,5) game.Players.LocalPlayer.Character.HumanoidRootPart.CFrame = CFrame.new(-101.838715, 7091.16211, -249.129883, -0.979354501, 0, 0.202150509, 0, 1, 0, -0.202150509, 0, -0.979354501) wait(1,5) game.Players.LocalPlayer.Character.HumanoidRootPart.CFrame = CFrame.new(-99.6190948, 12701.9512, -251.926285, -0.0386834145, 0, 0.999251485, 0, 1, 0, -0.999251485, 0, -0.0386834145) break; end end) b:Button("\67\111\108\108\101\99\116\32\97\108\108\32\67\104\101\115\116\32\114\101\119\97\114\100\115", function(k) while wait(1,5) do  game.Players.LocalPlayer.Character.HumanoidRootPart.CFrame = CFrame.new(-179.013092, 44.0198669, -537.853271, -2.40802765e-05, 0.386598349, 0.922248125, -1, -2.40802765e-05, -1.60634518e-05, 1.60634518e-05, -0.922248125, 0.386598349) wait(1,5) game.Players.LocalPlayer.Character.HumanoidRootPart.CFrame = CFrame.new(309.421265, -47.5979118, -160.689606, -5.94854355e-05, 0.839641571, -0.543140888, -1, -5.94854355e-05, 1.75535679e-05, -1.75535679e-05, 0.543140888, 0.839641571) wait(1,5) game.Players.LocalPlayer.Character.HumanoidRootPart.CFrame = CFrame.new(-38.5251007, 387.031708, -162.037704, 4.27961349e-05, -0.540937543, -0.841062784, -1, -4.27961349e-05, -2.33650208e-05, -2.33650208e-05, 0.841062784, -0.540937424) wait(1,5) game.Players.LocalPlayer.Character.HumanoidRootPart.CFrame = CFrame.new(-39.9583168, 1445.53955, -153.309357, 4.27961349e-05, -0.540937543, -0.841062784, -1, -4.27961349e-05, -2.33650208e-05, -2.33650208e-05, 0.841062784, -0.540937424) wait(1,5) game.Players.LocalPlayer.Character.HumanoidRootPart.CFrame = CFrame.new(-24.5692444, 2754.75977, -156.229614, 4.27961349e-05, -0.540937543, -0.841062784, -1, -4.27961349e-05, -2.33650208e-05, -2.33650208e-05, 0.841062784, -0.540937424) wait(1,5) game.Players.LocalPlayer.Character.HumanoidRootPart.CFrame = CFrame.new(-83.3360291, 4615.91309, -216.086578, 4.27961349e-05, -0.540937543, -0.841062784, -1, -4.27961349e-05, -2.33650208e-05, -2.33650208e-05, 0.841062784, -0.540937424) wait(1,5) game.Players.LocalPlayer.Character.HumanoidRootPart.CFrame = CFrame.new(-101.918793, 9522.38086, -284.803986, 2.16364861e-05, 0.740173876, 0.672415614, -1, 2.16364861e-05, 8.37445259e-06, -8.37445259e-06, -0.672415614, 0.740173817) wait(1,5) game.Players.LocalPlayer.Character.HumanoidRootPart.CFrame = CFrame.new(-101.918793, 7086.43018, -284.803986, 2.16364861e-05, 0.740173876, 0.672415614, -1, 2.16364861e-05, 8.37445259e-06, -8.37445259e-06, -0.672415614, 0.740173817) wait(1,5) game.Players.LocalPlayer.Character.HumanoidRootPart.CFrame = CFrame.new(-65.0057983, 12699.374, -260.561432, 1.00135803e-05, 0.830385923, -0.55718869, -1, 1.00135803e-05, -3.03983688e-06, 3.03983688e-06, 0.55718869, 0.830385923) break; end end) e:Slider("\83\101\116\32\121\111\117\114\32\87\97\108\107\115\112\101\101\100",16,100,70,function(m) game.Players.LocalPlayer.Character.Humanoid.WalkSpeed = m end) e:Slider("\83\101\116\32\121\111\117\114\32\74\117\109\112\112\111\119\101\114",16,100,70,function(m) game.Players.LocalPlayer.Character.Humanoid.JumpPower = m end) local c = loadstring(game:HttpGet("\104\116\116\112\115\58\47\47\114\97\119\46\103\105\116\104\117\98\117\115\101\114\99\111\110\116\101\110\116\46\99\111\109\47\108\111\108\111\107\99\97\116\47\109\111\103\117\115\45\104\117\98\47\109\97\105\110\47\110\111\116\105\102\105\99\97\116\105\111\110\108\105\98\114\97\114\121"))() c:Notification("\69\118\105\108\32\72\117\98\32\76\111\97\100\101\100", 3)  local c = loadstring(game:HttpGet("\104\116\116\112\115\58\47\47\114\97\119\46\103\105\116\104\117\98\117\115\101\114\99\111\110\116\101\110\116\46\99\111\109\47\108\111\108\111\107\99\97\116\47\109\111\103\117\115\45\104\117\98\47\109\97\105\110\47\110\111\116\105\102\105\99\97\116\105\111\110\108\105\98\114\97\114\121"))() c:Notification("\102\105\110\100\32\66\117\103\115\63\32\82\101\112\111\114\116\32\104\101\114\101\58\32\104\116\116\112\115\58\47\47\100\105\115\99\111\114\100\46\103\103\47\114\115\71\74\101\99\101\82\99\122", 5)  
